function [ Pr, data ] = white_theta()
%includes data from "Viscous Fluid Flow" (F. White, 2006) that describes
%the solution of the energy equation in a Blasius flow (temperature) for
%various Prandtl numbers

data(1).etatheta = [-0.016423430583367038, 0.9975580192428085;...
                    0.7874189151389488, 0.8327598378524779;...
                    1.4327678297895015, 0.7164949140200776;...
                    1.9468491788284712, 0.6220213384718529;...
                    2.46094384776248, 0.5299808637507938;...
                    2.958681685588318, 0.45009257327052277;...
                    3.483791907719767, 0.3702264826153171;...
                    4.036287834051868, 0.2928156926123423;...
                    4.52863111438682, 0.227521567130051;...
                    5.015566517335844, 0.17438850581857424;...
                    5.53538874113672, 0.12858138677867215;...
                    6.000612715171806, 0.1094939771874599];
data(2).etatheta = [-0.010935633827205749, 0.999995560034987;...
                    0.7650681312631256, 0.7500166498687992;...
                    1.437376513473074, 0.5583478002193345;...
                    1.9621803780186216, 0.42252039053932255;...
                    2.525385499962261, 0.3013226655773953;...
                    2.9847620400751245, 0.21410399286053639;...
                    3.542665843793152, 0.12453213868674717;...
                    4.007756618877844, 0.08111372082387991;...
                    4.533053319539842, 0.035311041748991245;...
                    5.020135241334299, 0.008942089536334574;...
                    5.556554054354052, -0.005221398855376869];
data(3).etatheta = [-0.010948953722244914, 0.9975624592078216;...
                    0.7370031124154743, 0.6234732070311286;...
                    1.4198874912865687, 0.3636864141510565;...
                    1.9883273319806245, 0.19869731426516368;...
                    2.5078032385104807, 0.08962957371895897;...
                    3.0056076758115147, 0.02190678737451557;...
                    3.5036385513282156, -0.004453284908114696];
data(4).etatheta = [-0.0054611569660831805, 1.0000000000000002;...
                    0.6215862219005717, 0.5406545396422278;...
                    0.9599515155820573, 0.3487148521269654;...
                    1.282186416371039, 0.2102900629143044;...
                    1.5608919001718269, 0.1204917705248485;...
                    1.8232938324446002, 0.05257806568484247;...
                    2.167879517109405, -0.0031035355441397794];
data(5).etatheta = [0.00001331989503916553, 1.0000044399650132;...
                    0.37546120136573324, 0.5818174552784524;...
                    0.5770311729943569, 0.4019322727736906;...
                    0.8169757622309934, 0.2318105733326823;...
                    1.139064144174544, 0.06662167502120098;...
                    1.4178628672406062, -0.00614491157809649];
Pr = [0.1,0.3,1,3,10];
end